{
 "cells": [
  {
   "cell_type": "markdown",
   "metadata": {},
   "source": [
    "# 第20讲 电子表格文件的读与写"
   ]
  },
  {
   "cell_type": "markdown",
   "metadata": {},
   "source": [
    "## 电子表格文件的读入\n",
    "\n",
    "1、导入模块\n",
    "```\n",
    "import xlrd\n",
    "```\n",
    "2、打开Excel文件读取数据\n",
    "```\n",
    "data = xlrd.open_workbook('excelFile.xls')\n",
    "```\n",
    "3、使用技巧——获取一个工作表\n",
    "```\n",
    "table = data.sheets()[0] #通过索引顺序获取\n",
    "table = data.sheet_by_index(0) #通过索引顺序获取\n",
    "table = data.sheet_by_name(u'Sheet1')#通过名称获取\n",
    "```\n",
    "4、逐行或逐列打印表内容\n",
    "```\n",
    "nrow=table.nrows;ncol=table.cols\n",
    "for i in range(nrow):print(table.row_values(i))  #逐行打印\n",
    "for j in range(ncol):print(table.col_values(j))  #逐列打印\n",
    "\n",
    "for i in range(nrow):                  #逐cell打印\n",
    "    for j in range(ncol):\n",
    "        print(table.cell_value(i,j),end=\",\")\n",
    "    print(\"\")\n",
    "```    \n",
    "    \n",
    "5、逐行逐列显示表的内容及数据类型\n",
    "\n",
    "0表示空字符，1表示text,2表示number,...\n",
    "```\n",
    "nrow=table.nrows;\n",
    "ncol=table.cols\n",
    "\n",
    "for i in range(nrow):print(table.row(i))  #逐行打印\n",
    "\n",
    "for j in range(ncol):print(table.col(j))  #逐列打印\n",
    "\n",
    "for i in range(nrow):   #逐cell打印\n",
    "    for j in range(ncol):\n",
    "        print(table.cell(i,j),end=\",\")\n",
    "    print(\"\")\n",
    "```"
   ]
  },
  {
   "cell_type": "markdown",
   "metadata": {},
   "source": [
    "## 电子表格读取示例"
   ]
  },
  {
   "cell_type": "code",
   "execution_count": 15,
   "metadata": {},
   "outputs": [
    {
     "name": "stdout",
     "output_type": "stream",
     "text": [
      "[1.0, 2.0, 3.0, 4.0, 5.0, 6.0, 7.0, 8.0, 9.0, 10.0]\n",
      "[11.0, 12.0, 13.0, 14.0, 15.0, 16.0, 17.0, 18.0, 19.0, 20.0]\n",
      "[21.0, 22.0, 23.0, 24.0, 25.0, 26.0, 27.0, 28.0, 29.0, 30.0]\n",
      "[31.0, 32.0, 33.0, 34.0, 35.0, 36.0, 37.0, 38.0, 39.0, 40.0]\n",
      "[41.0, 42.0, 43.0, 44.0, 45.0, 46.0, 47.0, 48.0, 49.0, 50.0]\n",
      "[51.0, 52.0, 53.0, 54.0, 55.0, 56.0, 57.0, 58.0, 59.0, 60.0]\n",
      "[61.0, 62.0, 63.0, 64.0, 65.0, 66.0, 67.0, 68.0, 69.0, 70.0]\n",
      "[71.0, 72.0, 73.0, 74.0, 75.0, 76.0, 77.0, 78.0, 79.0, 80.0]\n",
      "[81.0, 82.0, 83.0, 84.0, 85.0, 86.0, 87.0, 88.0, 89.0, 90.0]\n",
      "[91.0, 92.0, 93.0, 94.0, 95.0, 96.0, 97.0, 98.0, 99.0, 100.0]\n",
      "['A1', 'A2', 'A3', 'A4', 'A5', 'A6', 'A7', 'A8', 'A9', 'A10']\n",
      "['B1', 'B2', 'B3', 'B4', 'B5', 'B6', 'B7', 'B8', 'B9', 'B10']\n",
      "['C1', 'C2', 'C3', 'C4', 'C5', 'C6', 'C7', 'C8', 'C9', 'C10']\n",
      "[1.0, 11.0, 21.0, 31.0, 41.0, 51.0, 61.0, 71.0, 81.0, 91.0]\n",
      "[2.0, 12.0, 22.0, 32.0, 42.0, 52.0, 62.0, 72.0, 82.0, 92.0]\n",
      "[3.0, 13.0, 23.0, 33.0, 43.0, 53.0, 63.0, 73.0, 83.0, 93.0]\n",
      "[4.0, 14.0, 24.0, 34.0, 44.0, 54.0, 64.0, 74.0, 84.0, 94.0]\n",
      "[5.0, 15.0, 25.0, 35.0, 45.0, 55.0, 65.0, 75.0, 85.0, 95.0]\n",
      "[6.0, 16.0, 26.0, 36.0, 46.0, 56.0, 66.0, 76.0, 86.0, 96.0]\n",
      "[7.0, 17.0, 27.0, 37.0, 47.0, 57.0, 67.0, 77.0, 87.0, 97.0]\n",
      "[8.0, 18.0, 28.0, 38.0, 48.0, 58.0, 68.0, 78.0, 88.0, 98.0]\n",
      "[9.0, 19.0, 29.0, 39.0, 49.0, 59.0, 69.0, 79.0, 89.0, 99.0]\n",
      "[10.0, 20.0, 30.0, 40.0, 50.0, 60.0, 70.0, 80.0, 90.0, 100.0]\n",
      "['A1', 'B1', 'C1']\n",
      "['A2', 'B2', 'C2']\n",
      "['A3', 'B3', 'C3']\n",
      "['A4', 'B4', 'C4']\n",
      "['A5', 'B5', 'C5']\n",
      "['A6', 'B6', 'C6']\n",
      "['A7', 'B7', 'C7']\n",
      "['A8', 'B8', 'C8']\n",
      "['A9', 'B9', 'C9']\n",
      "['A10', 'B10', 'C10']\n",
      "1.0,2.0,3.0,4.0,5.0,6.0,7.0,8.0,9.0,10.0,\n",
      "\n",
      "11.0,12.0,13.0,14.0,15.0,16.0,17.0,18.0,19.0,20.0,\n",
      "\n",
      "21.0,22.0,23.0,24.0,25.0,26.0,27.0,28.0,29.0,30.0,\n",
      "\n",
      "31.0,32.0,33.0,34.0,35.0,36.0,37.0,38.0,39.0,40.0,\n",
      "\n",
      "41.0,42.0,43.0,44.0,45.0,46.0,47.0,48.0,49.0,50.0,\n",
      "\n",
      "51.0,52.0,53.0,54.0,55.0,56.0,57.0,58.0,59.0,60.0,\n",
      "\n",
      "61.0,62.0,63.0,64.0,65.0,66.0,67.0,68.0,69.0,70.0,\n",
      "\n",
      "71.0,72.0,73.0,74.0,75.0,76.0,77.0,78.0,79.0,80.0,\n",
      "\n",
      "81.0,82.0,83.0,84.0,85.0,86.0,87.0,88.0,89.0,90.0,\n",
      "\n",
      "91.0,92.0,93.0,94.0,95.0,96.0,97.0,98.0,99.0,100.0,\n",
      "\n",
      "A1,A2,A3,A4,A5,A6,A7,A8,A9,A10,\n",
      "\n",
      "B1,B2,B3,B4,B5,B6,B7,B8,B9,B10,\n",
      "\n",
      "C1,C2,C3,C4,C5,C6,C7,C8,C9,C10,\n",
      "\n",
      "[number:1.0, number:2.0, number:3.0, number:4.0, number:5.0, number:6.0, number:7.0, number:8.0, number:9.0, number:10.0]\n",
      "[number:11.0, number:12.0, number:13.0, number:14.0, number:15.0, number:16.0, number:17.0, number:18.0, number:19.0, number:20.0]\n",
      "[number:21.0, number:22.0, number:23.0, number:24.0, number:25.0, number:26.0, number:27.0, number:28.0, number:29.0, number:30.0]\n",
      "[number:31.0, number:32.0, number:33.0, number:34.0, number:35.0, number:36.0, number:37.0, number:38.0, number:39.0, number:40.0]\n",
      "[number:41.0, number:42.0, number:43.0, number:44.0, number:45.0, number:46.0, number:47.0, number:48.0, number:49.0, number:50.0]\n",
      "[number:51.0, number:52.0, number:53.0, number:54.0, number:55.0, number:56.0, number:57.0, number:58.0, number:59.0, number:60.0]\n",
      "[number:61.0, number:62.0, number:63.0, number:64.0, number:65.0, number:66.0, number:67.0, number:68.0, number:69.0, number:70.0]\n",
      "[number:71.0, number:72.0, number:73.0, number:74.0, number:75.0, number:76.0, number:77.0, number:78.0, number:79.0, number:80.0]\n",
      "[number:81.0, number:82.0, number:83.0, number:84.0, number:85.0, number:86.0, number:87.0, number:88.0, number:89.0, number:90.0]\n",
      "[number:91.0, number:92.0, number:93.0, number:94.0, number:95.0, number:96.0, number:97.0, number:98.0, number:99.0, number:100.0]\n",
      "[text:'A1', text:'A2', text:'A3', text:'A4', text:'A5', text:'A6', text:'A7', text:'A8', text:'A9', text:'A10']\n",
      "[text:'B1', text:'B2', text:'B3', text:'B4', text:'B5', text:'B6', text:'B7', text:'B8', text:'B9', text:'B10']\n",
      "[text:'C1', text:'C2', text:'C3', text:'C4', text:'C5', text:'C6', text:'C7', text:'C8', text:'C9', text:'C10']\n",
      "[number:1.0, number:11.0, number:21.0, number:31.0, number:41.0, number:51.0, number:61.0, number:71.0, number:81.0, number:91.0]\n",
      "[number:2.0, number:12.0, number:22.0, number:32.0, number:42.0, number:52.0, number:62.0, number:72.0, number:82.0, number:92.0]\n",
      "[number:3.0, number:13.0, number:23.0, number:33.0, number:43.0, number:53.0, number:63.0, number:73.0, number:83.0, number:93.0]\n",
      "[number:4.0, number:14.0, number:24.0, number:34.0, number:44.0, number:54.0, number:64.0, number:74.0, number:84.0, number:94.0]\n",
      "[number:5.0, number:15.0, number:25.0, number:35.0, number:45.0, number:55.0, number:65.0, number:75.0, number:85.0, number:95.0]\n",
      "[number:6.0, number:16.0, number:26.0, number:36.0, number:46.0, number:56.0, number:66.0, number:76.0, number:86.0, number:96.0]\n",
      "[number:7.0, number:17.0, number:27.0, number:37.0, number:47.0, number:57.0, number:67.0, number:77.0, number:87.0, number:97.0]\n",
      "[number:8.0, number:18.0, number:28.0, number:38.0, number:48.0, number:58.0, number:68.0, number:78.0, number:88.0, number:98.0]\n",
      "[number:9.0, number:19.0, number:29.0, number:39.0, number:49.0, number:59.0, number:69.0, number:79.0, number:89.0, number:99.0]\n",
      "[number:10.0, number:20.0, number:30.0, number:40.0, number:50.0, number:60.0, number:70.0, number:80.0, number:90.0, number:100.0]\n",
      "[text:'A1', text:'B1', text:'C1']\n",
      "[text:'A2', text:'B2', text:'C2']\n",
      "[text:'A3', text:'B3', text:'C3']\n",
      "[text:'A4', text:'B4', text:'C4']\n",
      "[text:'A5', text:'B5', text:'C5']\n",
      "[text:'A6', text:'B6', text:'C6']\n",
      "[text:'A7', text:'B7', text:'C7']\n",
      "[text:'A8', text:'B8', text:'C8']\n",
      "[text:'A9', text:'B9', text:'C9']\n",
      "[text:'A10', text:'B10', text:'C10']\n",
      "number:1.0,number:2.0,number:3.0,number:4.0,number:5.0,number:6.0,number:7.0,number:8.0,number:9.0,number:10.0,\n",
      "\n",
      "number:11.0,number:12.0,number:13.0,number:14.0,number:15.0,number:16.0,number:17.0,number:18.0,number:19.0,number:20.0,\n",
      "\n",
      "number:21.0,number:22.0,number:23.0,number:24.0,number:25.0,number:26.0,number:27.0,number:28.0,number:29.0,number:30.0,\n",
      "\n",
      "number:31.0,number:32.0,number:33.0,number:34.0,number:35.0,number:36.0,number:37.0,number:38.0,number:39.0,number:40.0,\n",
      "\n",
      "number:41.0,number:42.0,number:43.0,number:44.0,number:45.0,number:46.0,number:47.0,number:48.0,number:49.0,number:50.0,\n",
      "\n",
      "number:51.0,number:52.0,number:53.0,number:54.0,number:55.0,number:56.0,number:57.0,number:58.0,number:59.0,number:60.0,\n",
      "\n",
      "number:61.0,number:62.0,number:63.0,number:64.0,number:65.0,number:66.0,number:67.0,number:68.0,number:69.0,number:70.0,\n",
      "\n",
      "number:71.0,number:72.0,number:73.0,number:74.0,number:75.0,number:76.0,number:77.0,number:78.0,number:79.0,number:80.0,\n",
      "\n",
      "number:81.0,number:82.0,number:83.0,number:84.0,number:85.0,number:86.0,number:87.0,number:88.0,number:89.0,number:90.0,\n",
      "\n",
      "number:91.0,number:92.0,number:93.0,number:94.0,number:95.0,number:96.0,number:97.0,number:98.0,number:99.0,number:100.0,\n",
      "\n",
      "text:'A1',text:'A2',text:'A3',text:'A4',text:'A5',text:'A6',text:'A7',text:'A8',text:'A9',text:'A10',\n",
      "\n",
      "text:'B1',text:'B2',text:'B3',text:'B4',text:'B5',text:'B6',text:'B7',text:'B8',text:'B9',text:'B10',\n",
      "\n",
      "text:'C1',text:'C2',text:'C3',text:'C4',text:'C5',text:'C6',text:'C7',text:'C8',text:'C9',text:'C10',\n",
      "\n"
     ]
    }
   ],
   "source": [
    "import xlrd as xr\n",
    "data=xr.open_workbook('excelindemo.xlsx')\n",
    "t=data.sheets()[0],data.sheets()[1];\n",
    "\n",
    "nr=t[0].nrows,t[1].nrows;\n",
    "nc=t[0].ncols,t[1].ncols\n",
    "\n",
    "for k in range(2):\n",
    "    for i in range(nr[k]):\n",
    "        print(t[k].row_values(i))\n",
    "        \n",
    "for k in range(2):\n",
    "    for i in range(nc[k]):\n",
    "        print(t[k].col_values(i))\n",
    "        \n",
    "for k in range(2):\n",
    "    for i in range(nr[k]):\n",
    "        for j in range(nc[k]):\n",
    "             print(t[k].cell_value(i,j),end=',')\n",
    "        print('\\n')\n",
    "        \n",
    "for k in range(2):\n",
    "    for i in range(nr[k]):\n",
    "        print(t[k].row(i))\n",
    "        \n",
    "for k in range(2):\n",
    "    for i in range(nc[k]):\n",
    "        print(t[k].col(i))\n",
    "        \n",
    "for k in range(2):\n",
    "    for i in range(nr[k]):\n",
    "        for j in range(nc[k]):\n",
    "              print(t[k].cell(i,j),end=',')\n",
    "        print('\\n')\n",
    "        "
   ]
  },
  {
   "cell_type": "markdown",
   "metadata": {},
   "source": [
    "## 电子表格文件的创建\n",
    "\n",
    "1、导入模块\n",
    "```\n",
    "import xlwt,xlrd\n",
    "```\n",
    "2、在内存中创建Excel工作簿\n",
    "```\n",
    "wb = xlwt.Workbook(encoding='utf-8')\n",
    "```\n",
    "3、在工作簿中创建工作表\n",
    "```\n",
    "sheet1=wb.add_sheet('mysheet1',cell_overwrite_ok=True) \n",
    "```\n",
    "4、准备待写的二维数据列表data,例如\n",
    "```\n",
    "data=[['序号','姓名','部门','学位','专业','年龄','工资','sci论文'],\n",
    "[1,'李玉玲','化学','硕士','无机',31,4500,2],\n",
    "[2,'王树伟','物理','博士','基本粒子',29,5200,12],\n",
    "[3,'曾翔宇','生物','学士','植物',40,4800,5],\n",
    "[4,'刘柳清','机械','博士','机电一体化',33,5800,9]]\n",
    "```\n",
    "5. 将数据写入电子表格nr=len(data);nc=len(data[0])\n",
    "\n",
    "```\n",
    "for i in range(nr):\n",
    "      for j in range(nc):      \n",
    "           sheet1.write(i,j,data[i][j])\n",
    "```\n",
    "\n",
    "6. 将表格数据存入磁盘文件\n",
    "```\n",
    "wb.save('myexcel.xls');\n",
    "```\n",
    "7. 打开电子表格读出数据检查成功否\n",
    "\n",
    "```\n",
    "da=xlrd.open_workbook('myexcel.xls')\n",
    "sh1=da.sheets()[0];nr=sh1.nrows\n",
    "for i in range(nr):\n",
    "        print(sh1.row_values(i))\n",
    "```"
   ]
  },
  {
   "cell_type": "code",
   "execution_count": 16,
   "metadata": {},
   "outputs": [
    {
     "name": "stdout",
     "output_type": "stream",
     "text": [
      "['姓名', '年龄', '收入', '党员', '职业']\n",
      "['李明', 65.0, 7000.0, 1, '教育']\n",
      "['刘霖', 56.0, 5000.0, 0, '医生']\n",
      "['张辉', 52.0, 3800.0, 0, '装修师']\n"
     ]
    }
   ],
   "source": [
    "# coding = utf-8\n",
    "import xlrd; \n",
    "import xlwt;\n",
    "import datetime\n",
    "\n",
    "#workbook = xlwt.Workbook(encoding='UTF-8') #用xlwt 创建工作簿， encoding是编码格式\n",
    "\n",
    "workbook = xlwt.Workbook(encoding='GB2312') #用xlwt 创建工作簿， encoding是编码格式\n",
    "\n",
    "# 添加一个sheet\n",
    "sheet1 = workbook.add_sheet('mysheet1', cell_overwrite_ok=True)#在工作簿中创建工作表\n",
    "\n",
    "# 向sheet中写入数据列表\n",
    "\n",
    "data=[['姓名', '年龄', '收入', '党员', '职业'], \n",
    "      ['李明', 65, 7000, True, '教育'], \n",
    "      ['刘霖', 56, 5000, False, '医生'], \n",
    "      ['张辉', 52, 3800, False, '装修师']]\n",
    "\n",
    "dn=len(data);dc=len(data[0])\n",
    "\n",
    "for i in range(dn):\n",
    "    for j in range(dc):\n",
    "        sheet1.write(i,j,data[i][j]) #写数据到工资表的单元格\n",
    "    \n",
    "workbook.save('exceloutdemo.xlsx') #保存工作簿\n",
    "\n",
    "wb=xlrd.open_workbook('exceloutdemo.xlsx') #用xlrd打开工作簿\n",
    "\n",
    "sh1=wb.sheets()[0];\n",
    "nr=sh1.nrows\n",
    "for i in range(nr):\n",
    "    print(sh1.row_values(i))"
   ]
  },
  {
   "cell_type": "code",
   "execution_count": null,
   "metadata": {},
   "outputs": [],
   "source": []
  },
  {
   "cell_type": "code",
   "execution_count": null,
   "metadata": {},
   "outputs": [],
   "source": []
  }
 ],
 "metadata": {
  "kernelspec": {
   "display_name": "Python 3",
   "language": "python",
   "name": "python3"
  },
  "language_info": {
   "codemirror_mode": {
    "name": "ipython",
    "version": 3
   },
   "file_extension": ".py",
   "mimetype": "text/x-python",
   "name": "python",
   "nbconvert_exporter": "python",
   "pygments_lexer": "ipython3",
   "version": "3.7.7"
  }
 },
 "nbformat": 4,
 "nbformat_minor": 4
}
